210
5003 10
17526 31104 25332 83186 64002 29901 80586 22741 97303 76284 
1224 11
40119 56486 45202 23191 61704 7351 70091 46850 16614 625 70152 
9218 11
71906 23172 41448 8590 70639 27311 24201 68963 35538 89612 50339 
9265 10
33298 24823 53397 91487 33897 68331 82736 67953 48707 58858 
2760 13
78645 36859 27297 57304 64077 93269 30126 89490 78331 64610 16929 26113 85851 
3050 15
7507 17096 20053 89911 80440 31709 57053 55851 41617 50044 77035 63291 69020 14042 20139 
9243 12
3924 76302 8337 18699 21694 83456 83845 58247 49558 37978 52460 27334 
7990 11
13950 80523 87856 85600 77378 9040 73836 10398 31814 35875 57971 
805 13
11921 94485 75569 77582 50790 63022 47300 72013 44657 97775 50852 87849 27115 
9538 10
5986 87417 72941 46560 38607 63939 59350 35462 95449 5671 
4733 13
1952 35775 70198 96822 25003 96083 9902 86421 88175 77531 47422 47574 53495 
4328 12
68827 26673 64915 91145 46735 80295 38589 32738 96328 90095 50464 32514 
9692 17
991 12574 90107 94674 59362 89000 4046 53196 17138 49181 6893 38246 70740 10196 45235 44492 95232 
4405 12
37134 35607 51919 89527 54478 72070 18280 70897 17185 68265 15673 21589 
4692 10
73086 82065 94976 55004 99451 98615 95390 94045 23617 63598 
6152 14
28053 5991 71306 14160 6747 94538 6315 3713 75597 71362 23049 16806 24180 33034 
9386 13
37279 13613 41193 41539 88092 12559 26066 32870 93735 69034 4288 24106 60607 
8407 17
73812 1674 32342 71975 35536 24530 49023 13322 58976 61032 43528 53003 90837 553 71533 36215 29682 
904 17
1135 16486 26397 97527 64466 31208 62617 53568 86297 37057 44808 71323 90569 7538 24713 96928 28012 
5817 10
57548 41083 364 39919 28098 36261 20292 58584 65109 11932 
1161 11
41509 24904 17614 57095 31630 50715 45754 83258 35684 47289 6615 
273 10
54141 20523 43542 5886 26350 81132 89638 68337 53297 88489 
4401 17
13369 8449 55061 92631 10694 90009 53624 96546 176 12535 89240 91057 27963 40054 66987 55517 2498 
6886 11
18228 31876 27227 34128 73537 58564 5969 63331 98641 9162 96184 
4528 12
22756 20551 61827 50606 40331 33398 49627 48404 37237 80167 38964 85137 
3394 13
39436 15939 54203 95135 81118 98924 10310 10938 58482 2863 41598 64967 93786 
54 16
67037 84312 25896 13920 66803 72890 42403 52778 1443 50638 97254 81349 16396 49211 24468 30585 
2046 11
96894 2182 12494 66633 42330 61705 70810 14743 55057 54706 61720 
1226 13
77342 44775 86281 44968 233 22973 94276 96907 8998 64032 95939 46361 75758 
7686 11
48300 95753 88158 19251 22079 30873 47658 45587 93910 71511 11214 
5542 12
1351 57556 32188 27598 10256 47170 8506 84741 98926 51210 59631 4458 
8825 13
58515 27791 42303 59515 73895 15503 18258 66479 94466 92814 92020 84593 46402 
9732 19
34279 70399 68587 25547 45457 46395 59657 91031 14832 27469 30621 23745 16150 21619 5122 97489 97694 23923 50564 
7889 14
42688 60155 62823 6949 59941 57142 38700 29117 63813 38798 63094 62479 59696 93459 
8777 10
82185 40589 29078 22273 8873 83758 40010 8811 87567 79956 
2257 10
92596 8041 97877 53545 49709 35380 24086 83071 26567 44184 
3902 12
58899 81297 38707 8350 68475 53787 15815 25456 29873 60965 89342 69322 
6112 19
21317 87586 57834 95722 96465 1051 40142 54018 78666 6901 47382 13248 31668 61716 27539 86659 95625 93072 71160 
5379 14
2764 75619 89115 81143 88736 23465 94105 76487 64056 31790 7914 44426 64738 53520 
7219 17
30095 80035 10232 61498 83244 65577 8046 79025 99905 6933 52610 56374 81402 95844 76261 46688 10771 
8408 19
9756 16222 31076 23569 13455 63077 27938 35896 40222 47632 3312 82975 23584 5279 4098 69966 37821 22006 46750 
6977 16
66128 32183 70449 71114 50143 34286 75975 32393 26326 17293 1942 99975 97203 48057 70124 99006 
5948 13
80915 42117 4378 62993 57115 37934 28857 21026 33742 84791 50950 94212 73319 
9562 10
90086 17388 24074 78801 6065 43028 73374 54582 66324 82933 
731 9
67675 81808 15307 18316 36245 17039 81626 13686 29216 
6552 11
98327 24213 48108 29763 36610 19712 28312 77714 85318 5278 15049 
1033 10
22592 66969 1227 35570 59925 32089 54274 35336 20678 80585 
1382 14
29767 32523 59249 5412 36894 45608 59126 43509 51048 14835 30080 44039 85791 18595 
1170 10
2748 2106 12204 95618 46679 98638 85379 6679 88986 64815 
1028 10
48004 46773 88525 98360 77170 4225 92049 44539 60552 6622 
2929 17
27465 27023 44911 38518 30469 38703 43243 46862 35499 81535 136 91547 58328 21993 70385 54481 87204 
1512 10
50707 54592 98363 93422 37252 25467 82870 23022 52779 84574 
3437 10
33324 34182 77581 68876 28689 60974 40649 4850 27826 95139 
4402 11
12941 59661 92752 56187 15847 94612 47813 28026 31459 77337 4185 
7192 14
21787 32542 34150 55295 45138 75172 64314 59563 51806 68889 72459 16452 72769 12267 
33 13
16578 34019 68835 52455 65864 69331 21653 14856 92382 67446 79505 37618 30297 
5187 12
58399 11230 27444 19920 97698 59038 47628 70961 72432 37357 64840 80334 
5934 0
3488 0
1764 19
47404 44025 65649 11406 54107 77315 20779 14379 64281 13065 56196 21325 56985 56758 12587 48550 14640 65781 12597 
6192 11
62684 96932 5424 10423 71704 24856 92686 75751 19099 81389 92404 
142 10
23765 27708 52504 70926 25320 72905 41397 44876 69776 29870 
7772 12
57253 50607 28204 84743 77984 6211 13011 39201 36483 74627 17269 15105 
2446 14
7088 9049 9331 16604 665 57737 30018 16820 72180 56570 31139 91203 50706 70857 
8169 10
74446 52796 32596 45245 16880 63248 98673 8280 91462 9245 
577 12
70531 87248 76519 15164 48924 78649 2151 33333 45770 40761 71558 598 
4140 11
30868 88449 36041 427 95396 35390 67900 69777 87720 88837 56996 
8713 16
67293 34939 1490 28902 80978 79029 34916 30057 42292 23882 5124 16942 43209 61429 72714 10372 
5020 12
72364 56306 61717 28296 24078 84053 23908 97385 71679 34753 70976 11335 
7807 12
90686 12047 28337 14238 24125 42491 17100 68115 78547 58097 49477 6575 
4606 11
34227 44605 93551 45877 24020 57936 40242 93740 20684 78370 59143 
5731 0
7585 15
52337 89139 1813 31492 87122 48431 89855 15929 20683 56351 47330 22583 29629 68980 25213 
5616 0
446 10
36447 56568 76166 95087 43626 32507 31585 28663 91797 83395 
8745 0
8982 16
59681 66278 22153 5325 61247 20310 47826 76643 64244 86490 87726 39197 79323 80064 89082 60915 
3173 12
86738 9338 13293 8710 75369 1244 16449 65043 33767 68142 48593 55754 
1662 10
27462 10415 4716 90835 45761 81383 66289 70970 85183 76704 
5730 15
17026 97370 15805 99539 7350 37474 63395 21283 34036 97162 5509 67271 69449 91283 51948 
475 10
63790 98303 83891 33019 56380 81136 81234 45085 69472 1752 
6915 11
65488 39955 36036 74797 94434 5398 42644 29988 85197 71522 85422 
4388 0
5121 0
2904 0
7823 12
13575 61273 81343 71873 50974 54319 45769 22647 16731 1341 36717 12201 
8155 0
5065 0
7824 0
6739 0
1265 0
2067 0
2134 13
54560 90345 40822 43923 7037 42287 23236 17122 1905 30167 30015 47446 107 
5452 13
63457 44291 28999 47732 21091 49275 7809 38018 29 52681 93339 89762 9069 
1175 13
27734 67140 63127 68069 85746 1884 4104 89601 95435 96909 12405 25017 20888 
545 0
2995 0
8032 12
6254 11547 59915 88133 25312 76462 94888 88055 17446 37631 4430 88138 
9561 16
84354 18515 75539 73363 30124 82360 68025 1847 46612 54970 68202 12997 79246 23252 88051 84165 
714 16
6987 73018 54764 41524 88017 90886 84137 84719 5858 73695 74221 48880 22293 65944 30217 96317 
2666 0
4554 0
4193 0
259 13
37857 71112 71756 30951 92725 39331 38223 42683 53593 55838 27854 55766 20666 
8444 14
82926 68689 13254 3117 19339 65096 32100 29015 91193 85755 4627 67916 37536 93608 
6054 0
2402 0
6479 0
4452 0
5272 17
37152 6228 26000 54677 14946 18631 83652 52185 49264 37339 38740 37519 79790 44610 8396 50995 82744 
1760 10
5901 39132 49620 14830 22422 40929 58487 82880 46805 28953 
5138 0
5643 0
6279 0
8178 10
9401 81080 40436 45833 4923 53621 40020 50605 50677 96730 
5342 12
31034 24588 48339 37346 87158 19776 24510 66480 45242 6178 95655 55204 
3493 12
55921 68032 71261 48878 79389 49994 23106 83639 63409 74805 95775 65913 
8700 0
5403 13
6510 7098 35235 27414 91840 15504 5304 96194 57799 51696 42005 21780 15278 
2469 0
4999 0
9536 15
23190 7833 96470 86746 7034 47966 98834 43091 80553 38237 2979 9114 96880 40451 78845 
9736 12
35923 93180 86185 50465 88283 26211 19710 83210 15325 46358 60246 25865 
6606 16
5144 32002 55231 83662 40500 89288 1236 40239 47923 28087 63240 27485 92191 40103 53170 4697 
3340 18
89643 82696 96673 54815 23964 77225 8177 76201 37866 7453 31484 66710 34884 64382 45755 46621 33191 1489 
2791 13
45527 3902 94423 9113 59542 90458 35754 237 74206 79406 17202 19717 17394 
9784 12
78920 13793 19016 66459 38253 96746 65309 18143 43056 87305 55441 67463 
2144 12
7776 62673 39234 65933 40437 18220 2623 37470 36485 59023 83373 8888 
5589 14
28172 30920 93461 16716 18607 63705 41680 8447 59911 7436 59009 68026 32515 99825 
9450 12
56124 4898 94101 54552 87559 65268 26143 24297 15265 26656 34613 7204 
3188 0
8752 0
4343 10
98181 6854 2801 51840 27144 14267 30423 98499 63682 7638 
4157 14
68094 59883 39684 70284 35334 97986 17168 28831 69208 47907 63177 22244 67793 86438 
2829 19
77091 27028 91436 60182 74154 85080 9546 8252 41562 13207 97508 91369 85274 82823 97725 56084 85013 52043 96141 
1820 0
6636 15
42641 997 71874 5454 54092 97223 34089 1816 60066 95361 75695 47875 47982 88953 32592 
5405 0
7197 19
33752 79354 40527 45087 9789 70548 60373 57881 37221 35493 57825 50884 22905 29183 47711 32052 85002 23852 17486 
419 15
50235 1346 60744 38240 99886 82453 18565 83146 17054 65285 4736 38525 79506 36273 49040 
9750 11
21662 90874 36219 51877 22723 47073 86260 27809 29588 34273 39815 
2631 20
28844 95646 53154 27196 41551 48846 91910 65968 46628 98470 51443 72913 92325 86463 39248 49839 63405 11334 72613 30747 
6862 15
449 61373 9318 58296 59929 64518 10141 19722 11590 32800 82992 96425 711 82425 33443 
3138 14
2402 55169 96649 91560 60621 99040 87007 88429 79765 20611 61790 95617 42751 24757 
3126 14
75788 65807 1899 29032 78439 80516 91310 4943 77864 45234 44698 45856 66138 42096 
5545 0
4457 0
1478 20
29736 81910 56764 95287 31959 59763 21990 29280 16091 11030 70272 40915 94114 89956 99281 44076 3165 94760 16541 88154 
5057 0
193 0
2209 11
32915 56155 3569 83570 62326 45002 56871 77543 14898 34527 66713 
5265 0
8749 0
5227 0
2202 16
37238 58313 61811 10695 62225 59895 32170 57138 83847 47233 34272 78099 41996 70179 69631 3811 
3519 10
85193 38008 3037 27336 95605 67443 2556 76849 40449 2755 
1780 14
231 26985 83714 64346 98342 76771 21735 43213 27663 99228 1426 95497 88105 55178 
5835 10
6703 24979 73781 30382 78040 89745 48697 93577 67862 93568 
2935 19
79361 13418 34906 75105 91478 37916 29005 89387 84668 37879 44126 89879 34047 94414 14544 7784 63695 68413 1992 
2476 0
7174 17
47798 1840 8150 77661 68974 66364 90732 95982 34610 6050 76634 50194 25411 96144 519 66214 889 
3343 12
73464 16194 21426 98195 66894 55127 88575 51554 28409 91251 98592 40128 
6594 0
3361 16
47416 67403 51374 92981 38025 79171 77554 3279 74536 20578 17232 79038 27075 59861 96936 31219 
1882 14
46901 87432 40602 94606 48184 70036 1115 1039 7095 8210 31639 79300 35274 56135 
966 0
3567 14
69577 9541 74960 39803 91459 22866 50484 88823 73439 65409 50614 27945 28138 45592 
1576 13
57088 70786 21622 44415 40993 86007 45379 99402 7599 8049 85661 30901 27624 
7929 11
9012 25580 5463 87043 68480 6734 18692 52659 79091 59298 62717 
9752 0
1458 0
706 17
20841 2800 13147 33992 15331 28375 2442 10091 9322 90300 1804 68665 20981 10130 96598 21956 27067 
9721 0
61 0
495 11
91286 62285 14463 5337 63009 35150 12937 35848 78162 37875 98669 
7558 0
2609 0
9620 0
8364 16
4091 41327 72560 81998 88838 97319 11546 24009 12066 96410 97865 83689 61859 60410 27425 57450 
8004 0
7895 8
98500 8357 93913 46408 58547 44540 89038 92025 
2700 0
9824 10
98422 57414 23036 65308 43651 16142 66959 15896 90862 98153 
4683 16
49002 62452 21394 24724 35695 93348 88973 4400 48274 30037 41177 79882 97246 49822 71382 16911 
4800 11
86257 50681 15895 57019 73807 3727 65980 59510 9921 41980 84462 
4833 0
5974 0
1598 18
11607 38763 51557 10902 64519 30557 38745 93254 9729 34493 79514 11831 76495 56326 3331 17390 57788 81280 
1561 0
3966 14
49803 16019 57430 25622 95149 74493 99125 939 54761 60619 23171 69537 51394 11189 
7511 0
7901 19
10970 29395 83517 26579 58602 29644 57830 51089 57998 2992 46423 83308 99186 18318 80845 88339 16893 72008 88594 
8975 15
73332 92961 76019 63980 43384 76905 2706 35642 76395 84051 69346 82501 88997 39516 51053 
9524 0
8582 14
95124 26310 31680 60342 49047 36499 73331 83989 41460 90971 78272 56004 91550 36362 
1055 0
7541 0
3597 20
40462 30212 95110 43268 15572 44464 11413 10118 37962 76133 90138 43181 26650 84345 90342 82493 12667 73670 55285 59146 
4255 20
81866 86820 56287 86341 72649 86205 43634 64636 77860 30433 96564 4701 67242 99761 82795 26711 80831 49819 63616 36939 
6538 9
78623 14933 46525 80291 14029 11118 8287 70242 44112 
1560 16
15046 86410 8093 61019 70299 58576 54948 41689 8391 12591 48773 61302 9908 56873 23287 11810 
3077 0
7411 10
95591 2570 44795 20950 1625 6138 26406 55583 23573 28926 
4937 0
7478 0
9543 10
16300 52330 44427 33083 79223 82555 61793 16737 2995 66348 
7389 0
621 0
4675 12
86055 28410 26293 70252 73490 36137 21239 77775 81589 84202 80042 97422 
357 0
